Part A
We first make a random matrix of random dimensions:
A1 = 
      5.59       5.87       2.89       6.75       2.13       2.52 
      5.67       3.52       2.13       6.07       6.94       2.73 
      5.68        3.8       6.78       5.26       2.78       5.74 
      5.52       6.55       6.43        3.1        2.6       4.45 
      4.06        3.3       4.12       4.74       6.52       4.48 
      3.26       6.15       2.35       4.48       2.97       5.84 
      6.17       3.61       2.02          6       6.48        6.3 
      4.75       3.94       4.82        2.4       6.52       5.29 
      5.45       3.74        4.3        2.7        2.8       2.74 
       6.8       4.49       5.27       5.44       4.69       5.83 

We then decompose into Q and R with the use of GS-factorization:
Decomposition Q = 
     0.329      0.271     -0.343       0.22      -0.44     -0.367 
     0.333     -0.225     -0.376       0.11      0.236     -0.474 
     0.334     -0.168      0.526      0.474     -0.303      0.216 
     0.324      0.423      0.328     -0.352    -0.0913     -0.178 
     0.239   -0.00129      0.202      0.463      0.503     -0.228 
     0.191       0.72     -0.212       0.14      0.155      0.396 
     0.362      -0.29     -0.456    -0.0678     0.0883      0.529 
     0.279      0.015      0.232      -0.33      0.539     0.0248 
      0.32     -0.143     0.0646     -0.491     -0.215     -0.145 
     0.399     -0.215     0.0715    -0.0397     -0.167      0.228 
Decomposition R1 = 
        17       13.9         13       14.9       13.8       14.2 
         0       4.87        1.3      0.851       -1.4        1.8 
         0          0       5.06      -2.42      -1.27        1.2 
         0          0          0       3.63       0.91       1.15 
         0          0          0          0       6.07        2.4 
         0          0          0          0          0       3.91 

We have to amke sure Q^T*Q is the identity matrix:
Q^T*Q = 
         1  -6.25e-16   1.63e-16   4.06e-16  -2.91e-16   3.19e-16 
 -6.25e-16          1   7.63e-17   8.15e-17  -1.11e-16  -3.47e-17 
  1.63e-16   7.63e-17          1  -1.38e-16  -5.38e-17   9.37e-17 
  4.06e-16   8.15e-17  -1.38e-16          1   4.94e-17    3.3e-17 
 -2.91e-16  -1.11e-16  -5.38e-17   4.94e-17          1   2.78e-17 
  3.19e-16  -3.47e-17   9.37e-17    3.3e-17   2.78e-17          1 
And we check that Q*R1-A1 = 0
Q*R1 - A1 = 
         0          0  -4.44e-16   8.88e-16          0  -8.88e-16 
         0          0  -4.44e-16          0          0  -8.88e-16 
         0          0          0          0          0          0 
         0          0          0          0          0  -8.88e-16 
         0          0          0          0          0          0 
         0          0          0          0          0          0 
         0          0          0   8.88e-16  -8.88e-16   8.88e-16 
         0          0          0  -4.44e-16  -8.88e-16          0 
         0          0          0  -4.44e-16          0          0 
         0          0          0          0          0   8.88e-16 

 
Next we loo k for at solution to Ax = b.
making a second random square matrix, A2:
A2 = 
      4.83       5.48       6.95       6.41       4.05       4.38 
      3.24       4.77       3.42       6.31       2.06        2.4 
      2.28        4.3        5.7       5.57       4.13       6.27 
       2.5       6.86        4.7        5.4       4.16       4.12 
      3.19       2.28       2.66       4.94       3.76       3.93 
      6.91        6.7       6.39       5.99       6.69       2.63 
and a random vector b:
b =       1.59       3.26       3.84          2        3.3       1.69 
we sue QR-factorisation
where we can find x as a solution to equation:
x =      -3.96      -2.09       1.62       3.41          3      -2.99 
And last we check that A*x-b = 0
  2.49e-14  -2.44e-14  -3.46e-14   9.77e-15   1.91e-14   -1.6e-14 

 
Problem B
Like before we create a random square matrix:
B = 
      2.73       4.34       4.41       3.57        4.7       3.71 
      6.37       3.78       3.85       6.78       3.65       5.26 
      5.99       3.54        4.2       2.62       4.37       6.12 
      2.93       6.18       4.13       3.25        4.4       6.04 
      6.05        2.8       4.85       4.13       3.48        4.2 
      4.88       2.79       2.96       6.83       5.19       5.52 
and we calculate the inverse of A2 by QR-facorization
Inverse of B is:
B^(-1) = 
     0.609      0.835      0.698     -0.679     -0.914     -0.539 
     0.699      0.931       0.48     -0.404      -1.05     -0.645 
    -0.672     -0.972     -0.808      0.677       1.45      0.426 
    -0.222    -0.0949     -0.399      0.197      0.319      0.223 
     0.834      0.349      0.618     -0.673     -0.905     -0.152 
     -1.04     -0.897     -0.513       0.83       1.02      0.621 
To make sure we found the invers we check, B * B^(-1) = I:
B^(-1) * B
         1   4.44e-16   4.44e-16   4.44e-16  -2.22e-15  -8.88e-16 
  8.88e-16          1  -8.88e-16  -8.88e-16  -2.66e-15  -1.33e-15 
         0  -8.88e-16          1   1.78e-15  -8.88e-16  -4.44e-16 
 -8.88e-16          0   1.33e-15          1  -1.78e-15   4.44e-16 
 -1.78e-15  -1.78e-15          0  -4.44e-16          1   1.33e-15 
 -1.78e-15  -8.88e-16  -4.44e-16   8.88e-16          0          1 
So it seems to be correct
