sin(1)=0.841470984807897
sin(1)=0.841470984807897
i=100
