lambda = 0.17138, dlambda = 0.00354
T1/2 = -4.0 pm 0.1 days
